# Created by Octave 4.0.3, Sun Oct 30 22:51:58 2016 CET <vuc@MacBook-Air-de-Victor.local>
# name: data
# type: matrix
# rows: 100
# columns: 3
 1.296766391219647 -0.5384075102101232 1
 -2.326342204846647 -2.532523324219054 1
 -0.3677467570771539 -0.04657834539743578 1
 0.4938549412562148 0.7875779785070067 1
 1.031732671182191 0.9479369953787548 1
 -1.883852293744285 -1.745434642538535 1
 0.6073396774242978 -0.2983482133074833 1
 1.354914733307323 1.402200048241391 1
 -0.5316294937446725 0.429069397652579 1
 -1.092137764176862 0.1411472811392016 1
 0.6437728626629343 -0.5245503028459958 1
 -0.7582596744525733 0.1140839808405451 1
 1.27778026424727 2.420146234630907 1
 0.9311714384110265 0.5235814402408617 1
 0.09512783657582105 -0.1064135596867945 1
 0.4439998972614489 -0.7418743103638094 1
 -0.2636770467410273 -2.282141212246854 1
 2.773753194431891 1.083550403784982 1
 1.298222407628769 0.487782443803801 1
 0.1046560175437584 1.741951701931725 1
 0.5749922946313603 -1.456145324979067 1
 -1.468959049170165 0.05007169759782163 1
 -0.3209044430346479 -0.0494170997814426 1
 0.1902010383965591 -0.5806999192406691 1
 -0.9951147606187143 -0.2571874863943321 1
 -0.3486715494334813 1.955652604579716 1
 -0.404680990632975 0.3059890550325575 1
 -1.711292940107833 -0.1746427844047705 1
 1.01340472919695 0.3480360866054882 1
 -0.556439733100014 -0.8152276791674401 1
 -0.05406689043396308 -1.031822246072416 1
 0.3511655729819768 -0.3128464926193094 1
 1.018307948480301 0.9623723114734932 1
 0.436907963258606 -1.579975935011557 1
 0.2646888878697159 2.171795718920721 1
 -0.3634729363338849 -0.2309866973100879 1
 -0.8580996888526954 0.05048775305997935 1
 -0.268857984780623 1.478602832249902 1
 -0.2688179963665096 0.222442429146366 1
 0.7452729333555759 -0.1389197391349629 1
 1.609848632178588 0.7640180584260197 1
 0.7571874805093154 -1.107763156012334 1
 0.333656910390852 -0.9509176776351136 1
 -1.355403796426397 -0.9571734406463027 1
 -0.1090416628076751 -0.5588140608406527 1
 0.3705341237697362 -1.22775541295515 1
 0.07639718685188499 0.6942610652246738 1
 -1.433167140686114 0.8544858095727509 1
 -0.1021077975639349 0.2650543899050306 1
 -0.3195927791248266 0.3785031631902965 1
 -0.6830055632278287 -4.611738703433058 0
 -0.5975601558409135 -4.837666183470487 0
 -0.4920200620255578 -3.86872749785848 0
 -0.2057099380073374 -5.431796186773999 0
 0.05666031036019133 -5.410759409111623 0
 -1.06895511634489 -5.061660923747056 0
 -1.832209281291203 -4.41105399931206 0
 -0.6706616728976695 -5.690370869366347 0
 0.2934003345852372 -4.708949395641304 0
 -0.4113163919296235 -4.231971095800246 0
 1.773600242786328 -4.464661163194391 0
 0.9346938456417796 -4.476461632342814 0
 0.7426979025003232 -5.417087585576114 0
 -1.249117341157369 -4.784893626304171 0
 0.8400795752073584 -5.770147379507288 0
 0.2054008800371182 -3.847806209245685 0
 0.5035656717098045 -5.310425480913739 0
 -0.2139402071977377 -5.937258879602364 0
 -0.1143343582094982 -4.371166710220193 0
 0.1623924110494105 -2.901107891605594 0
 -0.5213775891604782 -3.775179277044827 0
 0.4228894414117995 -6.212770589189823 0
 1.091730136289253 -4.014480499146051 0
 -0.5045410559783132 -5.054130239899971 0
 0.4526873061495424 -4.626135190033136 0
 -0.2434552016522432 -4.64886916081781 0
 -1.018489885821554 -4.255392678714685 0
 0.9450649659944765 -5.512821123628665 0
 -2.240255323268579 -5.627216326078817 0
 -1.255254693808259 -4.416508292468996 0
 -1.623340390375247 -4.751841953083368 0
 2.081755338003239 -5.575169181782419 0
 0.8628306296700511 -5.492836071832711 0
 0.1632298362623984 -4.995571180403774 0
 -1.237130278745589 -4.93751313841585 0
 -0.08241610680973052 -5.882312990043083 0
 0.07793181148793013 -6.170994849290361 0
 1.064453711148958 -4.912682574324563 0
 -1.171029026452919 -3.559437757905343 0
 -0.2020442158290005 -4.790647249939969 0
 -2.224400917605043 -4.478901705065011 0
 -0.7512145921470139 -4.23235605554452 0
 -1.631646121890222 -5.319245750502896 0
 1.616888887698823 -4.7957528424753 0
 0.3363743966384321 -4.566016415769334 0
 1.210165718107235 -4.301832998434119 0
 1.311950439271418 -6.353764592305932 0
 -0.9630427018340565 -3.917411010091297 0
 1.655875099996633 -2.84473533958043 0
 -0.7675329097952344 -4.546703579141916 0


