{:phi 0.5172413793103449, :sigma [[0.00217027807291499 0.002000468431681891 0.0012764195152931584 0.0015173395567126729 0.0018104094491326096 0.0012854744012397211 -4.742318383292012E-5] [0.002000468431681891 0.0027137219548626305 0.002052968133388131 0.001681595778320842 0.002322754891403876 0.0015862709744704753 -5.024040267447977E-5] [0.0012764195152931584 0.002052968133388131 0.002986576465158973 0.0014365289626230347 0.0021560101264856612 0.001726977153644118 5.1273382916384935E-5] [0.0015173395567126729 0.001681595778320842 0.0014365289626230347 0.001562334307762287 0.0019314137762789856 0.0015600557695143156 -1.832830733666421E-5] [0.0018104094491326096 0.002322754891403876 0.0021560101264856612 0.0019314137762789856 0.0028654407948473563 0.002066304136046532 -1.1481634080835989E-6] [0.0012854744012397211 0.0015862709744704753 0.001726977153644118 0.0015600557695143156 0.002066304136046532 0.0018467576545940568 1.3827523080325971E-5] [-4.742318383292012E-5 -5.024040267447977E-5 5.1273382916384935E-5 -1.832830733666421E-5 -1.1481634080835989E-6 1.3827523080325971E-5 2.1368800553426992E-5]], :mu-0 [0.4143790849673203 0.1830065359477124 0.3422222222222222 0.5583029230210602 0.5445987654320986 0.6839692265795199 0.012847222222222223], :mu-1 [0.40140056022408965 0.4117647058823529 0.5532212885154061 0.495249766573296 0.4955775365701834 0.6394709967320259 0.0], :feature-count 7}
