{:phi 0.5, :sigma [[0.0028755777692340547 0.0020588833354692635 0.001334990815498313 0.0019780706969304224 0.0026173300214542227 0.00198450951913081 -0.1896518251920201] [0.0020588833354692635 0.0033999658251100007 0.0026178478363022757 0.0017383031247478345 0.0027076043431775833 0.0018257664431059273 -0.19535585218334844] [0.001334990815498313 0.0026178478363022757 0.004342261523345721 0.0016116558920832886 0.002480261538771871 0.00204244227647486 -0.0312941513469188] [0.0019780706969304224 0.0017383031247478345 0.0016116558920832886 0.0020140054408526857 0.002621831919862469 0.002142407723424383 -0.06062167364162271] [0.0026173300214542227 0.0027076043431775833 0.002480261538771871 0.002621831919862469 0.003879531895687378 0.0029629587014537817 -0.10684751658647933] [0.00198450951913081 0.0018257664431059273 0.00204244227647486 0.002142407723424383 0.0029629587014537817 0.0026534870951688203 -0.016610237400046725] [-0.1896518251920201 -0.19535585218334844 -0.0312941513469188 -0.06062167364162271 -0.10684751658647933 -0.016610237400046725 107.63126473421862]], :mu-0 [0.4107189542483662 0.18496732026143797 0.3558169934640524 0.5604604665940447 0.5471539124909219 0.6908728213507619 70.28207132026142], :mu-1 [0.4054901960784315 0.40313725490196095 0.5484967320261437 0.4993784041394333 0.49736474219317334 0.6420118464052283 22.413029045751628], :feature-count 7}
