{:phi 0.4666666666666667, :sigma [[0.003130155983962212 0.00247701891214002 0.0018709287636623283 0.0013861381153768694 0.002638981962383699 0.001990348207865207 -0.12080298786181136] [0.00247701891214002 0.004469238022006188 0.003091045568554219 0.0010547088116292264 0.003245168132385466 0.002211487112773583 -0.08883286647992532] [0.0018709287636623283 0.003091045568554219 0.005188627084820857 0.0014663957086102413 0.002927846610684922 0.0025547563615133835 -0.005770308123249288] [0.0013861381153768694 0.0010547088116292264 0.0014663957086102413 0.0018594359312352395 0.0017230785094992827 0.0016711467255293596 -0.005583566760037315] [0.002638981962383699 0.003245168132385466 0.002927846610684922 0.0017230785094992827 0.00364421166905321 0.0027703408439376607 -0.07081153063077031] [0.001990348207865207 0.002211487112773583 0.0025547563615133835 0.0016711467255293596 0.0027703408439376607 0.0025111454841394236 -0.026509395424836036] [-0.12080298786181136 -0.08883286647992532 -0.005770308123249288 -0.005583566760037315 -0.07081153063077031 -0.026509395424836036 19.69761904761905]], :mu-0 [0.4162464985994398 0.18655462184873944 0.357422969187675 0.6537815126050419 0.5566852435418608 0.7035334967320255 10.071428571428571], :mu-1 [0.4071078431372549 0.40024509803921565 0.5450980392156861 0.5796568627450979 0.4856468715958604 0.6332197201797384 0.0], :feature-count 7}
