{:phi 0.4, :sigma [[0.003384994375382688 7.155367593660559E-4 0.0028568181377690892 0.0020648635160107703 0.0027136571404160785 0.0024392042946445097 0.0021486189922995612 0.001153972118985575 0.0011895424836601315] [7.155367593660559E-4 0.0016814900252039816 0.0018589177773505848 0.0014283963373536218 0.0011356315946858047 9.245162117134433E-4 0.0016642134613467658 0.0015884488871801448 0.002021188431799735] [0.0028568181377690892 0.0018589177773505848 0.004390662769607503 0.003102429717945775 0.0031846436377746335 0.0025708821433035266 0.0036547592696621334 0.0022410882250099976 0.002664852312263555] [0.0020648635160107703 0.0014283963373536218 0.003102429717945775 0.002335383549690297 0.0023610692083054366 0.0018561852447143551 0.002593134088671826 0.0018222649606118469 0.0020132855626515803] [0.0027136571404160785 0.0011356315946858047 0.0031846436377746335 0.0023610692083054366 0.0035542312785680715 0.0018742791234140717 0.0025074450531846573 0.0015611089751804857 0.001624716989192192] [0.0024392042946445097 9.245162117134433E-4 0.0025708821433035266 0.0018561852447143551 0.0018742791234140717 0.0034697908211941274 0.0022372804342425975 0.0012899881811838747 0.0013713101798453588] [0.0021486189922995612 0.0016642134613467658 0.0036547592696621334 0.002593134088671826 0.0025074450531846573 0.0022372804342425975 0.003329669418565066 0.0019114255280099537 0.002162935611184672] [0.001153972118985575 0.0015884488871801448 0.0022410882250099976 0.0018222649606118469 0.0015611089751804857 0.0012899881811838747 0.0019114255280099537 0.002010053113474875 0.002151309325473109] [0.0011895424836601315 0.002021188431799735 0.002664852312263555 0.0020132855626515803 0.001624716989192192 0.0013713101798453588 0.002162935611184672 0.002151309325473109 0.0028619334444017265]], :mu-0 [0.19281045751633988 0.8307189542483662 0.5585648148148146 0.5680209468046471 0.41928104575163394 0.35392156862745094 0.6993055555555552 0.6601307189542484 0.7153594771241831], :mu-1 [0.40283224400871454 0.7352941176470588 0.4949418270394576 0.4970800048414427 0.39803921568627443 0.5433551198257079 0.6372862956911156 0.5864923747276687 0.5986928104575162], :feature-count 9}
