{:phi 0.5, :sigma [[0.003237387329659532 0.0019777008842752786 0.0013200393011234995 0.0021963283945870644 0.0030716766699417438 0.002301902461541369 -0.240233753185527] [0.0019777008842752786 0.0038105002349523675 0.0026855995557264296 0.001585183405242986 0.0028170760533697647 0.0017419045856057187 -0.22458897708061035] [0.0013200393011234995 0.0026855995557264296 0.0047667136571404155 0.0014561528448222623 0.0023821332963105198 0.001867091064215565 -0.01660849200222298] [0.0021963283945870644 0.001585183405242986 0.0014561528448222623 0.002198360893471952 0.0029631944039630862 0.002343310325747032 -0.06934461259726768] [0.0030716766699417438 0.0028170760533697647 0.0023821332963105198 0.0029631944039630862 0.0044531180056924 0.0033600588247407284 -0.1460137955640268] [0.002301902461541369 0.0017419045856057187 0.001867091064215565 0.002343310325747032 0.0033600588247407284 0.002901010189295509 -0.041528949847932] [-0.240233753185527 -0.22458897708061035 -0.01660849200222298 -0.06934461259726768 -0.1460137955640268 -0.041528949847932 110.79056483059583]], :mu-0 [0.4033986928104575 0.19137254901960787 0.37620915032679736 0.5640926833696438 0.5519635076252721 0.6989755809731295 73.45471728104573], :mu-1 [0.41411764705882353 0.40287581699346403 0.551111111111111 0.5096064814814814 0.5085947712418298 0.6534962781408854 22.895231215686273], :feature-count 7}
