{:phi 0.6, :sigma [[0.0021793042561977583 9.636464607629541E-4 0.0019447626091104407 0.0015034867089739098 0.0015705070699303689 0.0017858658350776763 0.0014645582361484915 0.0012244293505346948 0.0019032565822262092 0.0013278368718584017] [9.636464607629541E-4 0.001990089281900124 0.0017368297627692944 0.0014432053080249212 0.0011255500021359304 9.018753470887265E-4 0.0018570675274467068 0.0015028407877312148 8.019137938399761E-4 0.0017696612414028793] [0.0019447626091104407 0.0017368297627692944 0.0031908304823510636 0.0022278501927633855 0.0020513724689221976 0.0017426735354635584 0.002658684183732829 0.0018372959296281937 0.0016335906684750738 0.0023137973553618834] [0.0015034867089739098 0.0014432053080249212 0.0022278501927633855 0.0017855692818677918 0.0016600437242798275 0.001318672864227594 0.002014273610568463 0.0015593584514819324 0.0013066635942886773 0.00172174715070809] [0.0015705070699303689 0.0011255500021359304 0.0020513724689221976 0.0016600437242798275 0.0024725960100815923 7.46593190653168E-4 0.0017707207519899715 0.0013132555854585845 0.0014560639070442993 0.0012714340638216076] [0.0017858658350776763 9.018753470887265E-4 0.0017426735354635584 0.001318672864227594 7.46593190653168E-4 0.003894157517763823 0.0015866533704985294 0.0011108832785111146 0.0015237871473934529 0.0012482520967718965] [0.0014645582361484915 0.0018570675274467068 0.002658684183732829 0.002014273610568463 0.0017707207519899715 0.0015866533704985294 0.0025693150749397597 0.001729162216811197 0.001230449559998289 0.002054603286485255] [0.0012244293505346948 0.0015028407877312148 0.0018372959296281937 0.0015593584514819324 0.0013132555854585845 0.0011108832785111146 0.001729162216811197 0.0015922650832300971 0.0010688481638116397 0.001680920443703989] [0.0019032565822262092 8.019137938399761E-4 0.0016335906684750738 0.0013066635942886773 0.0014560639070442993 0.0015237871473934529 0.001230449559998289 0.0010688481638116397 0.0017780483289902744 0.0010893388582738834] [0.0013278368718584017 0.0017696612414028793 0.0023137973553618834 0.00172174715070809 0.0012714340638216076 0.0012482520967718965 0.002054603286485255 0.001680920443703989 0.0010893388582738834 0.0021164651772110445]], :mu-0 [0.17755991285403047 0.8176470588235296 0.5418028322440086 0.5550627118131201 0.39934640522875814 0.35795206971677557 0.6843988289760343 0.6453159041394333 0.17755991285403047 0.706318082788671], :mu-1 [0.44248366013071894 0.7339869281045752 0.5228332652505441 0.5110526733841683 0.423202614379085 0.5866013071895424 0.6607026143790847 0.5888888888888888 0.42189542483660136 0.599673202614379], :feature-count 10}
