{:phi 0.5, :sigma [[0.0023857490708701777 0.0021892092784826355 0.0014766628219915418 0.0016981595397781448 0.002101304341634972 0.0016273495236874703 -4.239288307915759E-5] [0.0021892092784826355 0.002948336110043146 0.0024201631850997484 0.001870831672053956 0.0025702620312225474 0.0018607307374656529 -5.044178165093198E-5] [0.0014766628219915418 0.0024201631850997484 0.0034951343500363107 0.0016663501336143258 0.0024509522097388796 0.0020225360853612824 4.396635197288792E-5] [0.0016981595397781448 0.001870831672053956 0.0016663501336143258 0.001711843423413563 0.002148138337967923 0.0017946104856509553 -1.677423852342754E-5] [0.002101304341634972 0.0025702620312225474 0.0024509522097388796 0.002148138337967923 0.0031567000278923257 0.00239791708291355 1.4265603146264855E-6] [0.0016273495236874703 0.0018607307374656529 0.0020225360853612824 0.0017946104856509553 0.00239791708291355 0.0022084171152532963 1.737366650192291E-5] [-4.239288307915759E-5 -5.044178165093198E-5 4.396635197288792E-5 -1.677423852342754E-5 1.4265603146264855E-6 1.737366650192291E-5 2.0870841906721545E-5]], :mu-0 [0.4180392156862745 0.17856209150326796 0.3354248366013072 0.5568282498184458 0.5423443173565721 0.6827700617283943 0.013078703703703703], :mu-1 [0.39686274509803915 0.4033986928104575 0.5458823529411764 0.4891503267973856 0.4861347131445169 0.6305274146695714 0.0], :feature-count 7}
