{:phi 0.5, :sigma [[0.0028755777692340547 0.0020588833354692635 0.001334990815498313 0.0015319919689008494 0.0019780706969304224 1.522073063066859E-5] [0.0020588833354692635 0.0033999658251100007 0.0026178478363022757 0.001086283053526421 0.0017383031247478345 1.1394077420364768E-5] [0.001334990815498313 0.0026178478363022757 0.004342261523345721 0.0011607159639454912 0.0016116558920832886 1.685649750096054E-5] [0.0015319919689008494 0.001086283053526421 0.0011607159639454912 0.001935571788628306 0.0017154185563719485 2.145942799777473E-6] [0.0019780706969304224 0.0017383031247478345 0.0016116558920832886 0.0017154185563719485 0.0020140054408526857 8.468434962592903E-6] [1.522073063066859E-5 1.1394077420364768E-5 1.685649750096054E-5 2.145942799777473E-6 8.468434962592903E-6 2.5409547701362964E-6]], :mu-0 [0.4107189542483662 0.18496732026143797 0.3558169934640524 0.6483660130718955 0.5604604665940447 -2.4169389978214063E-4], :mu-1 [0.4054901960784315 0.40313725490196095 0.5484967320261437 0.5881045751633986 0.4993784041394333 1.1914488017428531E-4], :feature-count 6}
