{:phi 0.5666666666666667, :sigma [[0.0028029363343835155 0.0016254961689523059 7.231352600780652E-4 0.0013531887897855733 0.0026798386133667198 0.0021465210433946904 -1.5125058738092168E-5] [0.0016254961689523059 0.003604377710626439 0.002505125363663935 4.135826631246944E-4 0.002298162609977064 0.0013506706789946346 -6.190193942500746E-5] [7.231352600780652E-4 0.002505125363663935 0.004827534136713864 6.000082344474773E-4 0.0018347535862532841 0.0016415930358545851 9.18450168738519E-5] [0.0013531887897855733 4.135826631246944E-4 6.000082344474773E-4 0.001339960323880535 0.0014775442453357592 0.0013095710406982005 5.3798752616515774E-6] [0.0026798386133667198 0.002298162609977064 0.0018347535862532841 0.0014775442453357592 0.0035850411466272106 0.002805406468394368 5.2822982747020565E-5] [0.0021465210433946904 0.0013506706789946346 0.0016415930358545851 0.0013095710406982005 0.002805406468394368 0.002566109089157951 7.267116906751226E-5] [-1.5125058738092168E-5 -6.190193942500746E-5 9.18450168738519E-5 5.3798752616515774E-6 5.2822982747020565E-5 7.267116906751226E-5 2.9147943899782134E-5]], :mu-0 [0.4087658592848905 0.18754325259515572 0.37047289504036907 0.6449826989619375 0.544781654491862 0.68719002306805 0.012867647058823529], :mu-1 [0.4129713423831071 0.39879336349924593 0.5396681749622927 0.591553544494721 0.49595326378414617 0.6395822859058152 0.0], :feature-count 7}
