a = -0.0713807173444233
b = 10.952599388818312
c = -32.34105909025954
d = 21.666632352703452

